h	V	C	R	G	B
10RP	1	2	44	22	32
10RP	1	4	53	15	35
10RP	1	6	60	3	37
2.5R	1	2	45	22	30
2.5R	1	4	54	14	31
2.5R	1	6	62	0	32
5R	1	2	45	22	27
5R	1	4	55	14	27
7.5R	1	2	46	22	25
7.5R	1	4	56	14	23
10R	1	2	46	22	23
10R	1	4	56	14	18
2.5YR	1	2	45	23	20
2.5YR	1	4	56	15	10
2.5YR	1	6	65	3	2
5YR	1	2	44	24	16
7.5YR	1	2	43	25	13
10YR	1	2	41	26	10
2.5Y	1	2	38	27	7
5Y	1	2	36	28	7
7.5Y	1	2	33	29	9
10Y	1	2	30	30	12
2.5GY	1	2	27	30	15
5GY	1	2	25	31	18
7.5GY	1	2	22	31	21
7.5GY	1	4	6	35	2
10GY	1	2	20	31	23
2.5G	1	2	19	32	24
5G	1	2	17	32	25
7.5G	1	2	16	32	27
10G	1	2	15	32	28
2.5BG	1	2	14	32	30
5BG	1	2	12	32	32
7.5BG	1	2	11	32	34
10BG	1	2	10	32	36
2.5B	1	2	10	32	37
5B	1	2	10	31	39
7.5B	1	2	12	31	40
10B	1	2	15	30	42
2.5PB	1	2	18	30	42
5PB	1	2	22	29	43
5PB	1	4	11	29	54
7.5PB	1	2	27	27	43
7.5PB	1	4	24	26	54
7.5PB	1	6	22	23	65
7.5PB	1	8	23	19	75
7.5PB	1	10	25	14	84
7.5PB	1	12	28	5	92
10PB	1	2	31	26	43
10PB	1	4	33	23	53
10PB	1	6	35	20	62
10PB	1	8	37	15	70
10PB	1	10	41	6	79
2.5P	1	2	34	25	42
2.5P	1	4	38	21	51
2.5P	1	6	42	17	58
2.5P	1	8	46	9	66
5P	1	2	36	24	41
5P	1	4	41	20	49
5P	1	6	46	14	56
5P	1	8	51	4	63
7.5P	1	2	38	24	40
7.5P	1	4	44	19	47
7.5P	1	6	49	12	53
10P	1	2	39	23	39
10P	1	4	46	18	45
10P	1	6	51	11	51
2.5RP	1	2	41	23	38
2.5RP	1	4	48	17	43
2.5RP	1	6	54	9	49
5RP	1	2	42	22	36
5RP	1	4	50	16	40
5RP	1	6	56	7	45
7.5RP	1	2	43	22	34
7.5RP	1	4	51	15	38
7.5RP	1	6	59	4	41
10RP	2	2	65	44	50
10RP	2	4	76	37	51
10RP	2	6	85	30	52
10RP	2	8	95	16	54
2.5R	2	2	66	44	48
2.5R	2	4	77	37	47
2.5R	2	6	87	29	46
2.5R	2	8	98	14	46
5R	2	2	66	44	46
5R	2	4	78	37	43
5R	2	6	88	29	40
5R	2	8	99	14	38
7.5R	2	2	66	44	44
7.5R	2	4	78	37	39
7.5R	2	6	88	30	34
7.5R	2	8	99	16	29
10R	2	2	66	44	42
10R	2	4	78	38	34
10R	2	6	88	31	26
10R	2	8	98	19	18
2.5YR	2	2	65	45	39
2.5YR	2	4	77	39	29
2.5YR	2	6	87	33	17
5YR	2	2	64	45	37
5YR	2	4	75	41	23
5YR	2	6	84	36	1
7.5YR	2	2	63	46	35
7.5YR	2	4	72	43	18
10YR	2	2	61	47	33
10YR	2	4	69	45	13
2.5Y	2	2	58	48	32
2.5Y	2	4	65	46	7
5Y	2	2	56	49	32
5Y	2	4	62	48	2
7.5Y	2	2	54	50	32
7.5Y	2	4	58	50	0
10Y	2	2	51	50	34
10Y	2	4	53	51	4
2.5GY	2	2	48	51	36
2.5GY	2	4	47	53	12
5GY	2	2	46	52	38
5GY	2	4	41	54	19
7.5GY	2	2	43	52	40
7.5GY	2	4	34	55	26
7.5GY	2	6	21	57	7
10GY	2	2	41	52	42
10GY	2	4	28	56	32
10GY	2	6	3	58	22
2.5G	2	2	39	53	44
2.5G	2	4	21	56	38
5G	2	2	38	53	46
5G	2	4	17	56	41
7.5G	2	2	37	53	47
7.5G	2	4	13	56	44
10G	2	2	36	53	48
10G	2	4	7	57	47
2.5BG	2	2	35	53	50
2.5BG	2	4	0	56	51
5BG	2	2	34	53	52
7.5BG	2	2	34	53	54
10BG	2	2	33	53	56
2.5B	2	2	33	52	57
5B	2	2	34	52	59
7.5B	2	2	35	52	60
7.5B	2	4	4	54	72
10B	2	2	37	51	62
10B	2	4	15	53	74
2.5PB	2	2	40	50	63
2.5PB	2	4	25	51	75
5PB	2	2	43	49	63
5PB	2	4	34	50	76
5PB	2	6	17	50	89
7.5PB	2	2	47	48	64
7.5PB	2	4	44	47	76
7.5PB	2	6	41	45	88
7.5PB	2	8	38	43	100
7.5PB	2	10	36	40	112
7.5PB	2	12	37	36	122
7.5PB	2	14	38	30	132
7.5PB	2	16	41	22	141
7.5PB	2	18	44	8	151
10PB	2	2	51	47	63
10PB	2	4	52	45	75
10PB	2	6	54	42	85
10PB	2	8	56	38	96
10PB	2	10	58	33	106
10PB	2	12	61	27	115
10PB	2	14	65	18	124
2.5P	2	2	54	46	62
2.5P	2	4	57	43	72
2.5P	2	6	61	40	81
2.5P	2	8	66	34	91
2.5P	2	10	71	28	100
2.5P	2	12	76	18	108
5P	2	2	56	46	61
5P	2	4	62	42	70
5P	2	6	66	38	77
5P	2	8	73	31	87
5P	2	10	78	23	95
5P	2	12	84	9	103
7.5P	2	2	58	45	60
7.5P	2	4	65	41	67
7.5P	2	6	71	36	74
7.5P	2	8	78	28	83
7.5P	2	10	84	18	90
10P	2	2	60	45	58
10P	2	4	67	40	65
10P	2	6	74	35	71
10P	2	8	82	26	78
10P	2	10	89	13	85
2.5RP	2	2	62	44	56
2.5RP	2	4	70	39	61
2.5RP	2	6	78	33	66
2.5RP	2	8	87	22	72
2.5RP	2	10	95	3	77
5RP	2	2	64	44	54
5RP	2	4	73	38	57
5RP	2	6	81	32	61
5RP	2	8	91	20	66
7.5RP	2	2	64	44	52
7.5RP	2	4	74	38	54
7.5RP	2	6	83	31	57
7.5RP	2	8	93	18	60
10RP	3	2	91	66	70
10RP	3	4	104	59	69
10RP	3	6	116	51	67
10RP	3	8	128	40	67
10RP	3	10	139	23	66
2.5R	3	2	91	66	68
2.5R	3	4	106	59	64
2.5R	3	6	117	51	61
2.5R	3	8	130	40	58
2.5R	3	10	141	23	55
5R	3	2	92	66	66
5R	3	4	106	59	60
5R	3	6	118	52	54
5R	3	8	130	41	48
5R	3	10	141	25	43
7.5R	3	2	92	66	64
7.5R	3	4	106	60	55
7.5R	3	6	118	53	48
7.5R	3	8	129	43	39
7.5R	3	10	140	29	30
10R	3	2	91	67	62
10R	3	4	105	61	52
10R	3	6	117	54	41
10R	3	8	128	45	30
10R	3	10	137	34	17
2.5YR	3	2	91	67	59
2.5YR	3	4	103	62	47
2.5YR	3	6	114	56	32
2.5YR	3	8	123	50	14
5YR	3	2	89	68	57
5YR	3	4	101	64	42
5YR	3	6	110	59	25
7.5YR	3	2	88	69	55
7.5YR	3	4	98	66	38
7.5YR	3	6	105	63	17
10YR	3	2	85	70	54
10YR	3	4	94	68	35
10YR	3	6	100	65	8
2.5Y	3	2	82	71	52
2.5Y	3	4	90	70	31
5Y	3	2	80	72	52
5Y	3	4	85	71	30
7.5Y	3	2	77	73	52
7.5Y	3	4	81	73	29
10Y	3	2	74	74	53
10Y	3	4	76	74	29
2.5GY	3	2	71	74	54
2.5GY	3	4	70	76	32
5GY	3	2	69	75	56
5GY	3	4	64	77	37
5GY	3	6	59	79	11
7.5GY	3	2	65	76	60
7.5GY	3	4	56	79	44
7.5GY	3	6	45	81	27
10GY	3	2	62	76	63
10GY	3	4	49	80	51
10GY	3	6	32	83	38
2.5G	3	2	60	76	65
2.5G	3	4	41	80	58
2.5G	3	6	6	84	51
5G	3	2	58	77	67
5G	3	4	36	81	62
7.5G	3	2	57	77	69
7.5G	3	4	32	81	66
10G	3	2	56	77	71
10G	3	4	27	81	69
2.5BG	3	2	55	77	73
2.5BG	3	4	23	81	74
5BG	3	2	54	77	75
5BG	3	4	17	81	79
7.5BG	3	2	53	77	77
7.5BG	3	4	13	81	83
10BG	3	2	53	76	80
10BG	3	4	13	80	88
2.5B	3	2	53	76	82
2.5B	3	4	14	80	92
5B	3	2	54	76	83
5B	3	4	20	79	95
7.5B	3	2	55	75	85
7.5B	3	4	29	78	98
10B	3	2	58	75	86
10B	3	4	38	76	100
2.5PB	3	2	61	74	87
2.5PB	3	4	47	75	101
2.5PB	3	6	24	75	114
5PB	3	2	65	73	88
5PB	3	4	56	73	102
5PB	3	6	42	73	115
5PB	3	8	21	73	127
7.5PB	3	2	70	71	88
7.5PB	3	4	66	70	102
7.5PB	3	6	62	69	115
7.5PB	3	8	58	67	127
7.5PB	3	10	54	65	139
7.5PB	3	12	51	62	151
7.5PB	3	14	50	58	163
7.5PB	3	16	50	53	175
7.5PB	3	18	51	47	185
7.5PB	3	20	53	41	194
7.5PB	3	22	56	31	205
7.5PB	3	24	59	14	215
10PB	3	2	74	70	88
10PB	3	4	74	68	101
10PB	3	6	76	65	112
10PB	3	8	77	62	123
10PB	3	10	79	58	135
10PB	3	12	81	54	145
10PB	3	14	84	48	156
10PB	3	16	88	40	166
10PB	3	18	91	31	175
10PB	3	20	95	16	184
2.5P	3	2	77	69	87
2.5P	3	4	81	66	99
2.5P	3	6	85	62	109
2.5P	3	8	89	58	119
2.5P	3	10	94	52	129
2.5P	3	12	98	46	138
2.5P	3	14	103	38	147
2.5P	3	16	108	26	156
2.5P	3	18	113	4	165
5P	3	2	80	68	86
5P	3	4	86	64	96
5P	3	6	91	60	105
5P	3	8	97	55	114
5P	3	10	103	48	123
5P	3	12	109	40	132
5P	3	14	115	29	140
5P	3	16	121	8	148
7.5P	3	2	83	68	84
7.5P	3	4	90	63	92
7.5P	3	6	97	58	100
7.5P	3	8	105	51	109
7.5P	3	10	111	44	117
7.5P	3	12	118	33	125
7.5P	3	14	125	15	133
10P	3	2	85	67	81
10P	3	4	94	62	89
10P	3	6	102	56	96
10P	3	8	111	48	103
10P	3	10	118	39	110
10P	3	12	127	24	117
2.5RP	3	2	87	67	78
2.5RP	3	4	98	61	84
2.5RP	3	6	107	54	89
2.5RP	3	8	117	45	94
2.5RP	3	10	126	34	99
2.5RP	3	12	135	14	105
5RP	3	2	88	66	75
5RP	3	4	101	60	78
5RP	3	6	112	52	81
5RP	3	8	122	43	85
5RP	3	10	132	29	88
7.5RP	3	2	90	66	73
7.5RP	3	4	103	59	74
7.5RP	3	6	114	52	75
7.5RP	3	8	126	41	76
7.5RP	3	10	136	26	78
10RP	4	2	115	91	95
10RP	4	4	129	85	92
10RP	4	6	142	78	90
10RP	4	8	155	69	89
10RP	4	10	166	59	88
10RP	4	12	177	45	87
10RP	4	14	188	23	86
2.5R	4	2	115	91	93
2.5R	4	4	130	85	88
2.5R	4	6	144	78	84
2.5R	4	8	156	69	81
2.5R	4	10	168	59	77
2.5R	4	12	179	45	74
2.5R	4	14	190	21	71
5R	4	2	116	91	90
5R	4	4	131	85	83
5R	4	6	145	78	77
5R	4	8	157	70	70
5R	4	10	168	60	64
5R	4	12	179	48	58
5R	4	14	190	26	52
7.5R	4	2	116	91	89
7.5R	4	4	132	85	80
7.5R	4	6	145	78	71
7.5R	4	8	157	70	61
7.5R	4	10	168	62	53
7.5R	4	12	178	50	43
7.5R	4	14	188	34	33
10R	4	2	116	92	86
10R	4	4	132	86	74
10R	4	6	144	80	63
10R	4	8	156	73	50
10R	4	10	166	65	36
10R	4	12	175	56	18
2.5YR	4	2	116	92	83
2.5YR	4	4	130	87	69
2.5YR	4	6	142	82	55
2.5YR	4	8	152	76	38
2.5YR	4	10	160	71	15
5YR	4	2	115	93	80
5YR	4	4	128	88	64
5YR	4	6	138	84	47
5YR	4	8	146	80	27
7.5YR	4	2	114	93	78
7.5YR	4	4	126	90	59
7.5YR	4	6	134	87	40
7.5YR	4	8	140	84	14
10YR	4	2	111	95	76
10YR	4	4	122	92	54
10YR	4	6	129	90	33
2.5Y	4	2	108	96	74
2.5Y	4	4	117	94	51
2.5Y	4	6	123	93	26
5Y	4	2	105	97	73
5Y	4	4	112	96	49
5Y	4	6	116	95	21
7.5Y	4	2	103	98	73
7.5Y	4	4	107	98	48
7.5Y	4	6	110	98	17
10Y	4	2	98	99	75
10Y	4	4	102	100	48
10Y	4	6	103	100	17
2.5GY	4	2	96	100	76
2.5GY	4	4	95	101	52
2.5GY	4	6	94	103	23
5GY	4	2	93	100	78
5GY	4	4	89	103	56
5GY	4	6	84	105	32
7.5GY	4	2	89	101	82
7.5GY	4	4	79	104	65
7.5GY	4	6	69	107	46
7.5GY	4	8	58	110	19
10GY	4	2	86	101	85
10GY	4	4	73	105	72
10GY	4	6	56	109	57
10GY	4	8	34	112	41
2.5G	4	2	83	102	89
2.5G	4	4	64	106	80
2.5G	4	6	36	110	72
5G	4	2	81	102	91
5G	4	4	59	107	85
5G	4	6	24	111	80
7.5G	4	2	80	102	93
7.5G	4	4	56	107	89
7.5G	4	6	5	111	86
10G	4	2	79	102	95
10G	4	4	53	107	93
2.5BG	4	2	78	102	97
2.5BG	4	4	49	107	98
5BG	4	2	77	102	100
5BG	4	4	47	107	103
7.5BG	4	2	76	102	102
7.5BG	4	4	46	106	107
10BG	4	2	77	102	104
10BG	4	4	46	106	112
2.5B	4	2	77	101	106
2.5B	4	4	48	105	116
5B	4	2	79	101	108
5B	4	4	53	104	119
7.5B	4	2	81	100	109
7.5B	4	4	60	103	122
7.5B	4	6	24	105	134
10B	4	2	84	99	110
10B	4	4	66	101	123
10B	4	6	42	103	136
2.5PB	4	2	87	98	111
2.5PB	4	4	74	100	124
2.5PB	4	6	58	100	137
2.5PB	4	8	28	101	151
5PB	4	2	91	97	111
5PB	4	4	82	98	125
5PB	4	6	71	98	138
5PB	4	8	55	98	152
5PB	4	10	32	98	165
7.5PB	4	2	94	96	112
7.5PB	4	4	91	95	125
7.5PB	4	6	87	94	138
7.5PB	4	8	83	93	151
7.5PB	4	10	77	91	164
7.5PB	4	12	72	90	177
7.5PB	4	14	68	87	189
7.5PB	4	16	64	84	202
7.5PB	4	18	62	80	215
7.5PB	4	20	61	74	229
7.5PB	4	22	62	70	238
7.5PB	4	24	63	63	250
7.5PB	4	26	65	55	255
10PB	4	2	98	95	112
10PB	4	4	98	93	124
10PB	4	6	99	91	136
10PB	4	8	100	88	148
10PB	4	10	100	86	160
10PB	4	12	102	82	172
10PB	4	14	103	78	183
10PB	4	16	106	73	193
10PB	4	18	109	67	204
10PB	4	20	113	60	216
10PB	4	22	116	52	224
10PB	4	24	120	42	234
10PB	4	26	124	23	244
2.5P	4	2	101	94	111
2.5P	4	4	104	91	122
2.5P	4	6	108	89	133
2.5P	4	8	112	85	143
2.5P	4	10	116	81	154
2.5P	4	12	120	76	164
2.5P	4	14	125	70	174
2.5P	4	16	130	63	183
2.5P	4	18	135	55	193
2.5P	4	20	140	43	203
2.5P	4	22	144	30	211
5P	4	2	104	94	109
5P	4	4	109	90	120
5P	4	6	115	86	129
5P	4	8	120	82	138
5P	4	10	126	77	148
5P	4	12	132	71	157
5P	4	14	138	64	166
5P	4	16	144	55	175
5P	4	18	150	44	184
5P	4	20	156	26	193
7.5P	4	2	107	93	107
7.5P	4	4	114	89	116
7.5P	4	6	122	84	124
7.5P	4	8	129	79	132
7.5P	4	10	136	73	140
7.5P	4	12	143	66	148
7.5P	4	14	150	57	156
7.5P	4	16	158	44	165
7.5P	4	18	165	26	173
10P	4	2	109	92	105
10P	4	4	119	87	112
10P	4	6	128	82	119
10P	4	8	136	76	125
10P	4	10	144	69	132
10P	4	12	152	61	139
10P	4	14	160	50	145
10P	4	16	168	35	152
2.5RP	4	2	111	92	102
2.5RP	4	4	122	87	107
2.5RP	4	6	133	80	112
2.5RP	4	8	143	73	117
2.5RP	4	10	152	65	122
2.5RP	4	12	161	55	127
2.5RP	4	14	170	42	132
2.5RP	4	16	179	20	137
5RP	4	2	113	92	99
5RP	4	4	125	86	101
5RP	4	6	138	79	104
5RP	4	8	149	71	106
5RP	4	10	158	63	109
5RP	4	12	169	50	112
5RP	4	14	178	34	115
7.5RP	4	2	114	91	97
7.5RP	4	4	128	85	97
7.5RP	4	6	141	78	97
7.5RP	4	8	153	70	97
7.5RP	4	10	163	61	98
7.5RP	4	12	173	48	99
7.5RP	4	14	184	28	100
10RP	5	2	139	118	120
10RP	5	4	155	112	117
10RP	5	6	169	105	115
10RP	5	8	183	97	112
10RP	5	10	195	88	110
10RP	5	12	208	76	109
10RP	5	14	218	64	108
10RP	5	16	230	45	106
2.5R	5	2	139	118	119
2.5R	5	4	156	112	114
2.5R	5	6	171	105	109
2.5R	5	8	184	97	104
2.5R	5	10	197	88	100
2.5R	5	12	210	76	96
2.5R	5	14	220	64	93
2.5R	5	16	232	45	90
5R	5	2	140	118	117
5R	5	4	157	112	109
5R	5	6	172	105	102
5R	5	8	185	97	95
5R	5	10	198	88	87
5R	5	12	211	77	81
5R	5	14	221	65	75
5R	5	16	232	47	68
5R	5	18	244	8	61
7.5R	5	2	140	118	115
7.5R	5	4	157	112	105
7.5R	5	6	172	105	95
7.5R	5	8	186	98	85
7.5R	5	10	198	89	75
7.5R	5	12	210	79	64
7.5R	5	14	220	68	54
7.5R	5	16	231	53	42
7.5R	5	18	240	32	30
10R	5	2	141	118	112
10R	5	4	157	112	99
10R	5	6	172	106	86
10R	5	8	185	100	73
10R	5	10	196	92	57
10R	5	12	207	84	40
10R	5	14	215	77	18
2.5YR	5	2	141	118	109
2.5YR	5	4	156	113	95
2.5YR	5	6	170	108	79
2.5YR	5	8	182	102	61
2.5YR	5	10	191	97	42
2.5YR	5	12	199	92	15
5YR	5	2	140	119	106
5YR	5	4	154	115	89
5YR	5	6	166	110	70
5YR	5	8	176	106	50
5YR	5	10	184	102	25
7.5YR	5	2	139	119	104
7.5YR	5	4	152	116	85
7.5YR	5	6	163	113	63
7.5YR	5	8	171	109	39
10YR	5	2	137	120	101
10YR	5	4	148	118	79
10YR	5	6	157	115	55
10YR	5	8	164	113	27
2.5Y	5	2	134	121	100
2.5Y	5	4	143	120	75
2.5Y	5	6	151	118	48
2.5Y	5	8	156	117	13
5Y	5	2	131	123	98
5Y	5	4	138	122	73
5Y	5	6	144	121	43
7.5Y	5	2	129	124	98
7.5Y	5	4	133	124	72
7.5Y	5	6	137	124	41
10Y	5	2	126	124	99
10Y	5	4	128	126	72
10Y	5	6	130	126	42
2.5GY	5	2	122	125	100
2.5GY	5	4	121	127	76
2.5GY	5	6	120	129	48
5GY	5	2	119	126	103
5GY	5	4	115	129	81
5GY	5	6	110	131	56
5GY	5	8	106	133	23
7.5GY	5	2	114	127	106
7.5GY	5	4	106	130	89
7.5GY	5	6	96	134	69
7.5GY	5	8	86	136	47
7.5GY	5	10	74	139	10
10GY	5	2	111	128	110
10GY	5	4	98	132	96
10GY	5	6	84	135	81
10GY	5	8	66	139	65
10GY	5	10	41	142	48
2.5G	5	2	107	128	113
2.5G	5	4	90	133	104
2.5G	5	6	69	137	95
2.5G	5	8	34	140	86
5G	5	2	105	128	116
5G	5	4	85	133	110
5G	5	6	59	137	104
7.5G	5	2	104	128	118
7.5G	5	4	82	133	114
7.5G	5	6	52	137	110
10G	5	2	103	128	120
10G	5	4	79	133	118
10G	5	6	47	137	116
2.5BG	5	2	102	128	122
2.5BG	5	4	77	133	122
2.5BG	5	6	42	137	122
5BG	5	2	102	128	125
5BG	5	4	75	133	128
5BG	5	6	34	137	130
7.5BG	5	2	101	128	128
7.5BG	5	4	75	132	132
7.5BG	5	6	27	137	137
10BG	5	2	102	128	130
10BG	5	4	75	132	137
10BG	5	6	26	136	145
2.5B	5	2	103	127	131
2.5B	5	4	77	131	141
2.5B	5	6	32	135	150
5B	5	2	105	127	133
5B	5	4	81	130	144
5B	5	6	45	133	156
7.5B	5	2	107	126	134
7.5B	5	4	87	129	147
7.5B	5	6	59	131	159
10B	5	2	110	125	135
10B	5	4	93	127	148
10B	5	6	72	129	161
10B	5	8	35	131	175
2.5PB	5	2	113	124	136
2.5PB	5	4	101	126	149
2.5PB	5	6	85	127	163
2.5PB	5	8	65	128	177
2.5PB	5	10	28	129	191
5PB	5	2	117	123	136
5PB	5	4	108	124	150
5PB	5	6	98	124	164
5PB	5	8	85	124	178
5PB	5	10	67	125	192
5PB	5	12	38	125	206
7.5PB	5	2	120	122	136
7.5PB	5	4	116	122	149
7.5PB	5	6	112	121	164
7.5PB	5	8	108	119	177
7.5PB	5	10	103	118	190
7.5PB	5	12	97	117	204
7.5PB	5	14	90	115	218
7.5PB	5	16	83	113	232
7.5PB	5	18	77	109	247
7.5PB	5	20	72	106	255
10PB	5	2	123	121	136
10PB	5	4	123	120	148
10PB	5	6	124	117	162
10PB	5	8	124	115	175
10PB	5	10	124	112	186
10PB	5	12	125	109	199
10PB	5	14	126	106	212
10PB	5	16	127	102	224
10PB	5	18	129	98	235
10PB	5	20	131	93	247
10PB	5	22	135	86	255
2.5P	5	2	126	121	135
2.5P	5	4	129	118	147
2.5P	5	6	132	115	159
2.5P	5	8	136	111	171
2.5P	5	10	140	108	181
2.5P	5	12	144	104	192
2.5P	5	14	149	99	202
2.5P	5	16	153	93	212
2.5P	5	18	158	87	222
2.5P	5	20	163	80	233
2.5P	5	22	168	71	243
2.5P	5	24	173	59	254
2.5P	5	26	179	44	255
5P	5	2	128	120	133
5P	5	4	134	117	144
5P	5	6	140	113	155
5P	5	8	146	109	165
5P	5	10	151	104	175
5P	5	12	157	99	185
5P	5	14	163	93	194
5P	5	16	169	87	203
5P	5	18	175	79	212
5P	5	20	181	70	221
5P	5	22	187	57	231
5P	5	24	194	40	240
5P	5	26	200	1	249
7.5P	5	2	131	119	131
7.5P	5	4	139	115	140
7.5P	5	6	148	110	149
7.5P	5	8	156	105	158
7.5P	5	10	163	100	166
7.5P	5	12	170	93	174
7.5P	5	14	178	86	182
7.5P	5	16	185	78	190
7.5P	5	18	192	67	199
7.5P	5	20	200	54	207
7.5P	5	22	208	32	216
10P	5	2	133	119	129
10P	5	4	143	114	136
10P	5	6	154	109	143
10P	5	8	164	102	150
10P	5	10	172	96	157
10P	5	12	181	89	164
10P	5	14	189	80	170
10P	5	16	198	70	177
10P	5	18	206	57	184
10P	5	20	215	36	191
2.5RP	5	2	135	119	127
2.5RP	5	4	147	113	132
2.5RP	5	6	159	107	137
2.5RP	5	8	171	100	142
2.5RP	5	10	180	93	146
2.5RP	5	12	190	84	151
2.5RP	5	14	200	74	156
2.5RP	5	16	209	62	161
2.5RP	5	18	218	44	166
2.5RP	5	20	227	7	171
5RP	5	2	137	118	124
5RP	5	4	151	112	126
5RP	5	6	164	106	128
5RP	5	8	177	98	130
5RP	5	10	188	90	132
5RP	5	12	199	80	135
5RP	5	14	210	68	137
5RP	5	16	220	53	140
5RP	5	18	230	28	142
7.5RP	5	2	138	118	122
7.5RP	5	4	153	112	121
7.5RP	5	6	167	105	121
7.5RP	5	8	180	97	121
7.5RP	5	10	192	89	121
7.5RP	5	12	204	77	122
7.5RP	5	14	214	66	123
7.5RP	5	16	225	48	124
7.5RP	5	18	235	17	125
10RP	6	2	164	144	146
10RP	6	4	180	138	143
10RP	6	6	196	132	140
10RP	6	8	208	125	137
10RP	6	10	222	117	135
10RP	6	12	235	107	132
10RP	6	14	247	97	131
10RP	6	16	255	82	128
10RP	6	18	255	65	127
2.5R	6	2	165	144	144
2.5R	6	4	182	138	139
2.5R	6	6	198	132	134
2.5R	6	8	211	125	129
2.5R	6	10	225	117	124
2.5R	6	12	238	107	119
2.5R	6	14	249	97	116
2.5R	6	16	255	82	111
2.5R	6	18	255	64	108
5R	6	2	166	144	143
5R	6	4	183	138	135
5R	6	6	199	132	127
5R	6	8	212	125	121
5R	6	10	226	117	113
5R	6	12	239	107	106
5R	6	14	251	97	99
5R	6	16	255	84	92
5R	6	18	255	68	85
7.5R	6	2	167	144	140
7.5R	6	4	184	138	130
7.5R	6	6	199	132	121
7.5R	6	8	213	125	111
7.5R	6	10	227	117	100
7.5R	6	12	239	109	89
7.5R	6	14	250	100	77
7.5R	6	16	255	88	65
7.5R	6	18	255	75	51
10R	6	2	167	144	138
10R	6	4	184	139	124
10R	6	6	199	133	112
10R	6	8	212	127	99
10R	6	10	225	120	83
10R	6	12	236	113	67
10R	6	14	247	105	47
10R	6	16	255	97	20
2.5YR	6	2	168	144	134
2.5YR	6	4	183	140	120
2.5YR	6	6	197	134	104
2.5YR	6	8	210	129	88
2.5YR	6	10	221	124	69
2.5YR	6	12	230	118	47
2.5YR	6	14	238	113	10
5YR	6	2	167	145	131
5YR	6	4	181	141	114
5YR	6	6	194	137	95
5YR	6	8	205	132	75
5YR	6	10	214	128	53
5YR	6	12	221	125	21
7.5YR	6	2	166	146	129
7.5YR	6	4	179	142	110
7.5YR	6	6	190	139	88
7.5YR	6	8	199	136	65
7.5YR	6	10	207	133	36
10YR	6	2	163	147	126
10YR	6	4	174	144	104
10YR	6	6	184	142	80
10YR	6	8	192	140	54
10YR	6	10	198	138	16
2.5Y	6	2	160	148	124
2.5Y	6	4	170	146	100
2.5Y	6	6	178	145	74
2.5Y	6	8	184	143	44
5Y	6	2	157	149	122
5Y	6	4	164	149	97
5Y	6	6	170	148	69
5Y	6	8	175	147	35
7.5Y	6	2	155	150	122
7.5Y	6	4	159	150	96
7.5Y	6	6	163	151	67
7.5Y	6	8	166	151	29
10Y	6	2	152	151	122
10Y	6	4	154	152	97
10Y	6	6	156	153	67
10Y	6	8	158	153	29
2.5GY	6	2	148	152	124
2.5GY	6	4	148	154	99
2.5GY	6	6	147	155	72
2.5GY	6	8	146	157	36
5GY	6	2	145	152	126
5GY	6	4	141	155	103
5GY	6	6	137	158	80
5GY	6	8	132	160	50
7.5GY	6	2	140	154	129
7.5GY	6	4	131	157	112
7.5GY	6	6	122	160	93
7.5GY	6	8	112	163	70
7.5GY	6	10	101	166	43
10GY	6	2	135	154	134
10GY	6	4	123	158	119
10GY	6	6	109	162	104
10GY	6	8	93	166	88
10GY	6	10	74	169	72
10GY	6	12	46	172	52
2.5G	6	2	132	155	138
2.5G	6	4	114	160	128
2.5G	6	6	95	164	118
2.5G	6	8	69	168	109
2.5G	6	10	20	171	100
5G	6	2	130	155	141
5G	6	4	108	160	134
5G	6	6	85	164	128
5G	6	8	49	168	123
7.5G	6	2	129	155	143
7.5G	6	4	105	160	138
7.5G	6	6	79	165	135
7.5G	6	8	35	168	131
10G	6	2	128	155	146
10G	6	4	102	160	143
10G	6	6	74	165	141
10G	6	8	11	169	139
2.5BG	6	2	127	155	148
2.5BG	6	4	100	160	147
2.5BG	6	6	70	165	147
5BG	6	2	126	155	151
5BG	6	4	99	160	153
5BG	6	6	63	164	155
7.5BG	6	2	126	155	153
7.5BG	6	4	98	160	158
7.5BG	6	6	61	164	163
10BG	6	2	127	154	155
10BG	6	4	100	159	163
10BG	6	6	60	163	170
2.5B	6	2	128	154	157
2.5B	6	4	103	158	166
2.5B	6	6	64	162	176
5B	6	2	131	153	159
5B	6	4	108	157	169
5B	6	6	75	160	182
7.5B	6	2	133	152	160
7.5B	6	4	114	155	172
7.5B	6	6	87	158	185
7.5B	6	8	46	160	198
10B	6	2	136	151	160
10B	6	4	120	154	173
10B	6	6	99	156	188
10B	6	8	71	158	201
2.5PB	6	2	139	150	161
2.5PB	6	4	128	152	174
2.5PB	6	6	112	153	189
2.5PB	6	8	95	154	204
2.5PB	6	10	69	155	218
5PB	6	2	142	149	161
5PB	6	4	134	150	175
5PB	6	6	124	150	190
5PB	6	8	112	151	205
5PB	6	10	96	151	219
5PB	6	12	72	152	235
5PB	6	14	23	152	251
7.5PB	6	2	146	148	161
7.5PB	6	4	142	148	175
7.5PB	6	6	138	147	190
7.5PB	6	8	133	146	203
7.5PB	6	10	128	145	217
7.5PB	6	12	121	143	233
7.5PB	6	14	114	142	249
10PB	6	2	149	148	161
10PB	6	4	149	146	174
10PB	6	6	148	144	188
10PB	6	8	148	142	200
10PB	6	10	148	140	213
10PB	6	12	148	137	228
10PB	6	14	149	134	242
10PB	6	16	150	129	255
2.5P	6	2	151	147	160
2.5P	6	4	154	144	172
2.5P	6	6	157	142	185
2.5P	6	8	161	138	197
2.5P	6	10	164	135	209
2.5P	6	12	169	131	220
2.5P	6	14	173	126	232
2.5P	6	16	179	121	244
2.5P	6	18	183	115	254
5P	6	2	154	146	159
5P	6	4	159	143	170
5P	6	6	165	139	181
5P	6	8	170	136	191
5P	6	10	176	131	202
5P	6	12	182	127	212
5P	6	14	188	121	223
5P	6	16	194	115	233
5P	6	18	200	108	243
5P	6	20	207	100	254
7.5P	6	2	157	145	157
7.5P	6	4	165	142	165
7.5P	6	6	174	137	175
7.5P	6	8	182	132	183
7.5P	6	10	190	127	192
7.5P	6	12	198	121	200
7.5P	6	14	206	114	209
7.5P	6	16	214	107	217
7.5P	6	18	221	98	226
7.5P	6	20	230	86	236
7.5P	6	22	239	71	245
7.5P	6	24	247	52	254
10P	6	2	159	145	155
10P	6	4	169	141	162
10P	6	6	180	135	169
10P	6	8	189	130	175
10P	6	10	199	124	182
10P	6	12	208	117	189
10P	6	14	218	108	196
10P	6	16	227	100	203
10P	6	18	235	90	210
10P	6	20	245	75	218
10P	6	22	254	57	225
10P	6	24	255	29	232
2.5RP	6	2	161	145	153
2.5RP	6	4	173	140	157
2.5RP	6	6	185	134	162
2.5RP	6	8	196	128	166
2.5RP	6	10	207	121	171
2.5RP	6	12	218	113	176
2.5RP	6	14	229	104	181
2.5RP	6	16	239	93	186
2.5RP	6	18	249	81	191
2.5RP	6	20	255	63	196
2.5RP	6	22	255	41	201
5RP	6	2	163	144	150
5RP	6	4	176	139	151
5RP	6	6	191	132	153
5RP	6	8	203	126	155
5RP	6	10	214	119	156
5RP	6	12	226	110	159
5RP	6	14	238	100	161
5RP	6	16	249	88	164
5RP	6	18	255	73	166
5RP	6	20	255	47	170
5RP	6	22	255	4	172
7.5RP	6	2	163	144	148
7.5RP	6	4	178	139	147
7.5RP	6	6	194	132	146
7.5RP	6	8	206	126	146
7.5RP	6	10	219	118	146
7.5RP	6	12	231	109	146
7.5RP	6	14	243	98	147
7.5RP	6	16	255	84	147
7.5RP	6	18	255	68	148
7.5RP	6	20	255	40	150
10RP	7	2	190	171	172
10RP	7	4	206	165	169
10RP	7	6	222	159	166
10RP	7	8	238	151	162
10RP	7	10	252	144	159
10RP	7	12	255	133	156
10RP	7	14	255	123	154
10RP	7	16	255	110	151
2.5R	7	2	191	171	171
2.5R	7	4	208	165	165
2.5R	7	6	224	158	160
2.5R	7	8	240	151	154
2.5R	7	10	254	143	149
2.5R	7	12	255	133	143
2.5R	7	14	255	123	138
2.5R	7	16	255	110	133
5R	7	2	192	171	169
5R	7	4	209	165	161
5R	7	6	226	158	153
5R	7	8	241	151	146
5R	7	10	255	143	138
5R	7	12	255	134	130
5R	7	14	255	124	122
7.5R	7	2	193	171	167
7.5R	7	4	211	165	156
7.5R	7	6	226	159	146
7.5R	7	8	243	152	135
7.5R	7	10	255	145	124
7.5R	7	12	255	136	112
7.5R	7	14	255	127	100
7.5R	7	16	255	116	87
10R	7	2	193	171	164
10R	7	4	211	165	151
10R	7	6	227	160	137
10R	7	8	242	153	123
10R	7	10	254	147	109
10R	7	12	255	140	91
10R	7	14	255	132	73
10R	7	16	255	124	49
2.5YR	7	2	193	171	161
2.5YR	7	4	210	166	145
2.5YR	7	6	225	161	128
2.5YR	7	8	239	156	112
2.5YR	7	10	250	150	95
2.5YR	7	12	255	145	72
2.5YR	7	14	255	139	44
5YR	7	2	193	171	158
5YR	7	4	208	167	139
5YR	7	6	222	163	120
5YR	7	8	233	159	101
5YR	7	10	243	155	79
5YR	7	12	253	151	52
7.5YR	7	2	192	172	155
7.5YR	7	4	206	169	134
7.5YR	7	6	218	166	113
7.5YR	7	8	227	163	91
7.5YR	7	10	236	160	66
7.5YR	7	12	243	157	28
10YR	7	2	190	173	151
10YR	7	4	202	171	128
10YR	7	6	212	169	105
10YR	7	8	220	166	80
10YR	7	10	227	164	51
2.5Y	7	2	187	174	149
2.5Y	7	4	197	173	125
2.5Y	7	6	205	171	99
2.5Y	7	8	212	170	72
2.5Y	7	10	217	169	35
5Y	7	2	184	175	148
5Y	7	4	190	175	121
5Y	7	6	197	175	94
5Y	7	8	202	174	65
5Y	7	10	206	174	15
7.5Y	7	2	181	176	147
7.5Y	7	4	186	177	120
7.5Y	7	6	190	177	93
7.5Y	7	8	193	177	61
10Y	7	2	179	177	147
10Y	7	4	181	178	121
10Y	7	6	183	179	93
10Y	7	8	185	180	61
2.5GY	7	2	175	178	148
2.5GY	7	4	174	180	123
2.5GY	7	6	174	182	98
2.5GY	7	8	173	183	67
2.5GY	7	10	172	185	11
5GY	7	2	172	179	150
5GY	7	4	168	182	127
5GY	7	6	164	184	104
5GY	7	8	160	186	77
5GY	7	10	156	188	39
7.5GY	7	2	166	180	155
7.5GY	7	4	157	184	136
7.5GY	7	6	149	187	117
7.5GY	7	8	140	190	96
7.5GY	7	10	129	193	70
7.5GY	7	12	118	196	37
10GY	7	2	161	181	159
10GY	7	4	149	185	143
10GY	7	6	136	189	129
10GY	7	8	121	193	113
10GY	7	10	103	196	96
10GY	7	12	81	200	77
10GY	7	14	51	202	55
2.5G	7	2	157	182	163
2.5G	7	4	140	186	153
2.5G	7	6	122	191	143
2.5G	7	8	99	195	133
2.5G	7	10	67	199	122
5G	7	2	155	182	167
5G	7	4	135	187	160
5G	7	6	113	191	153
5G	7	8	84	196	148
5G	7	10	25	200	142
7.5G	7	2	154	182	169
7.5G	7	4	132	187	164
7.5G	7	6	108	191	160
7.5G	7	8	74	196	156
10G	7	2	153	182	172
10G	7	4	130	187	169
10G	7	6	103	192	166
10G	7	8	64	196	164
2.5BG	7	2	152	182	173
2.5BG	7	4	128	187	173
2.5BG	7	6	100	191	172
2.5BG	7	8	54	196	172
5BG	7	2	151	182	176
5BG	7	4	126	187	178
5BG	7	6	97	191	180
5BG	7	8	41	196	182
7.5BG	7	2	152	181	179
7.5BG	7	4	125	186	183
7.5BG	7	6	95	191	187
7.5BG	7	8	34	195	192
10BG	7	2	153	181	182
10BG	7	4	126	186	188
10BG	7	6	95	190	195
10BG	7	8	29	194	202
2.5B	7	2	154	180	183
2.5B	7	4	128	185	192
2.5B	7	6	98	189	201
2.5B	7	8	40	192	211
5B	7	2	157	179	185
5B	7	4	133	183	196
5B	7	6	104	187	207
5B	7	8	60	190	219
7.5B	7	2	160	179	186
7.5B	7	4	138	182	198
7.5B	7	6	114	185	211
7.5B	7	8	79	188	225
10B	7	2	163	178	186
10B	7	4	146	180	200
10B	7	6	126	183	214
10B	7	8	99	185	228
10B	7	10	53	187	244
2.5PB	7	2	166	177	187
2.5PB	7	4	153	178	201
2.5PB	7	6	139	180	216
2.5PB	7	8	120	181	231
2.5PB	7	10	94	183	248
5PB	7	2	169	176	187
5PB	7	4	160	177	201
5PB	7	6	149	177	216
5PB	7	8	137	178	232
5PB	7	10	120	178	249
7.5PB	7	2	172	175	187
7.5PB	7	4	168	174	201
7.5PB	7	6	163	174	217
7.5PB	7	8	158	173	232
7.5PB	7	10	152	171	249
10PB	7	2	175	174	186
10PB	7	4	174	173	201
10PB	7	6	174	171	215
10PB	7	8	173	169	229
10PB	7	10	173	166	245
10PB	7	12	173	163	255
2.5P	7	2	177	174	186
2.5P	7	4	180	171	199
2.5P	7	6	183	168	211
2.5P	7	8	186	165	224
2.5P	7	10	190	161	238
2.5P	7	12	194	157	251
5P	7	2	180	173	185
5P	7	4	185	170	196
5P	7	6	190	166	207
5P	7	8	196	163	219
5P	7	10	202	158	231
5P	7	12	208	153	242
5P	7	14	215	148	253
7.5P	7	2	183	172	182
7.5P	7	4	192	168	191
7.5P	7	6	200	164	200
7.5P	7	8	209	159	209
7.5P	7	10	218	153	219
7.5P	7	12	226	147	227
7.5P	7	14	235	140	237
7.5P	7	16	244	133	246
7.5P	7	18	253	124	255
10P	7	2	185	172	180
10P	7	4	196	167	187
10P	7	6	207	162	194
10P	7	8	218	156	201
10P	7	10	228	150	209
10P	7	12	237	144	215
10P	7	14	248	136	223
10P	7	16	255	126	231
10P	7	18	255	116	238
10P	7	20	255	104	246
10P	7	22	255	88	255
2.5RP	7	2	186	172	178
2.5RP	7	4	199	166	182
2.5RP	7	6	213	160	187
2.5RP	7	8	225	154	192
2.5RP	7	10	236	147	196
2.5RP	7	12	248	140	202
2.5RP	7	14	255	131	206
2.5RP	7	16	255	120	212
2.5RP	7	18	255	107	218
2.5RP	7	20	255	91	224
5RP	7	2	188	171	176
5RP	7	4	202	166	177
5RP	7	6	218	159	179
5RP	7	8	232	152	180
5RP	7	10	244	145	182
5RP	7	12	255	136	184
5RP	7	14	255	126	186
5RP	7	16	255	114	189
5RP	7	18	255	100	192
7.5RP	7	2	189	171	174
7.5RP	7	4	204	166	173
7.5RP	7	6	220	159	172
7.5RP	7	8	235	152	172
7.5RP	7	10	248	144	171
7.5RP	7	12	255	135	171
7.5RP	7	14	255	124	171
7.5RP	7	16	255	111	172
10RP	8	2	215	198	200
10RP	8	4	234	192	195
10RP	8	6	251	185	192
10RP	8	8	255	177	188
10RP	8	10	255	169	184
2.5R	8	2	215	198	198
2.5R	8	4	236	192	191
2.5R	8	6	253	185	185
2.5R	8	8	255	177	179
2.5R	8	10	255	169	173
5R	8	2	216	198	196
5R	8	4	237	192	187
5R	8	6	254	185	179
5R	8	8	255	177	170
5R	8	10	255	169	161
7.5R	8	2	217	198	194
7.5R	8	4	239	191	182
7.5R	8	6	255	185	171
7.5R	8	8	255	178	158
7.5R	8	10	255	170	146
10R	8	2	218	198	192
10R	8	4	239	192	176
10R	8	6	255	186	161
10R	8	8	255	179	146
10R	8	10	255	173	131
2.5YR	8	2	219	198	189
2.5YR	8	4	239	193	170
2.5YR	8	6	254	188	153
2.5YR	8	8	255	182	135
2.5YR	8	10	255	177	116
2.5YR	8	12	255	171	95
5YR	8	2	219	198	184
5YR	8	4	236	194	164
5YR	8	6	250	190	145
5YR	8	8	255	186	123
5YR	8	10	255	182	102
5YR	8	12	255	178	77
5YR	8	14	255	174	43
7.5YR	8	2	218	199	181
7.5YR	8	4	233	196	159
7.5YR	8	6	246	192	138
7.5YR	8	8	255	189	114
7.5YR	8	10	255	186	90
7.5YR	8	12	255	183	60
10YR	8	2	216	200	177
10YR	8	4	228	198	154
10YR	8	6	239	196	130
10YR	8	8	248	193	104
10YR	8	10	255	191	77
10YR	8	12	255	189	40
2.5Y	8	2	214	201	174
2.5Y	8	4	223	200	150
2.5Y	8	6	232	199	124
2.5Y	8	8	239	197	97
2.5Y	8	10	246	196	66
2.5Y	8	12	251	195	10
5Y	8	2	211	202	172
5Y	8	4	217	202	146
5Y	8	6	223	202	119
5Y	8	8	228	202	90
5Y	8	10	233	201	54
7.5Y	8	2	208	203	172
7.5Y	8	4	213	204	145
7.5Y	8	6	217	204	117
7.5Y	8	8	220	205	86
7.5Y	8	10	223	205	48
10Y	8	2	206	204	171
10Y	8	4	208	205	145
10Y	8	6	210	206	117
10Y	8	8	212	207	86
10Y	8	10	214	208	47
2.5GY	8	2	203	205	172
2.5GY	8	4	202	207	147
2.5GY	8	6	201	209	120
2.5GY	8	8	200	211	92
2.5GY	8	10	199	212	53
5GY	8	2	199	206	174
5GY	8	4	196	208	151
5GY	8	6	192	211	126
5GY	8	8	188	213	100
5GY	8	10	184	216	68
7.5GY	8	2	192	207	179
7.5GY	8	4	183	211	159
7.5GY	8	6	175	215	139
7.5GY	8	8	166	218	117
7.5GY	8	10	156	221	94
7.5GY	8	12	146	224	63
10GY	8	2	187	208	183
10GY	8	4	174	213	168
10GY	8	6	160	217	151
10GY	8	8	146	221	136
10GY	8	10	129	224	118
10GY	8	12	110	228	99
10GY	8	14	85	231	79
10GY	8	16	47	234	54
2.5G	8	2	183	209	189
2.5G	8	4	166	214	178
2.5G	8	6	145	219	166
2.5G	8	8	124	223	156
2.5G	8	10	98	227	145
2.5G	8	12	53	231	134
5G	8	2	180	209	192
5G	8	4	160	214	185
5G	8	6	135	220	178
5G	8	8	107	224	171
5G	8	10	67	228	166
7.5G	8	2	179	209	195
7.5G	8	4	157	214	190
7.5G	8	6	130	220	185
7.5G	8	8	100	224	181
7.5G	8	10	47	228	177
10G	8	2	178	209	198
10G	8	4	155	215	194
10G	8	6	126	220	192
10G	8	8	92	224	189
10G	8	10	20	228	187
2.5BG	8	2	177	209	200
2.5BG	8	4	152	215	198
2.5BG	8	6	124	219	198
2.5BG	8	8	85	224	197
5BG	8	2	177	209	203
5BG	8	4	151	214	204
5BG	8	6	121	219	205
5BG	8	8	75	224	208
7.5BG	8	2	178	208	206
7.5BG	8	4	151	214	209
7.5BG	8	6	117	219	214
7.5BG	8	8	69	223	218
10BG	8	2	179	208	208
10BG	8	4	151	213	214
10BG	8	6	118	218	221
10BG	8	8	66	222	228
2.5B	8	2	181	207	210
2.5B	8	4	153	212	219
2.5B	8	6	120	217	228
2.5B	8	8	69	221	238
5B	8	2	184	206	211
5B	8	4	158	211	223
5B	8	6	128	215	235
5B	8	8	80	219	249
7.5B	8	2	187	205	212
7.5B	8	4	164	209	225
7.5B	8	6	137	213	239
7.5B	8	8	96	216	255
10B	8	2	190	204	212
10B	8	4	171	207	228
10B	8	6	149	210	243
10B	8	8	117	213	255
2.5PB	8	2	193	203	213
2.5PB	8	4	179	205	229
2.5PB	8	6	162	207	245
5PB	8	2	196	203	213
5PB	8	4	186	204	229
5PB	8	6	173	204	247
7.5PB	8	2	199	202	213
7.5PB	8	4	194	201	229
7.5PB	8	6	188	201	246
10PB	8	2	202	201	212
10PB	8	4	201	200	227
10PB	8	6	200	197	244
10PB	8	8	199	195	255
2.5P	8	2	204	201	211
2.5P	8	4	206	198	226
2.5P	8	6	209	195	240
2.5P	8	8	212	192	255
5P	8	2	205	200	210
5P	8	4	211	197	223
5P	8	6	216	193	236
5P	8	8	223	189	249
5P	8	10	229	184	255
7.5P	8	2	208	199	208
7.5P	8	4	219	195	217
7.5P	8	6	227	191	226
7.5P	8	8	238	184	237
7.5P	8	10	248	179	247
7.5P	8	12	255	172	255
10P	8	2	210	199	206
10P	8	4	222	194	213
10P	8	6	234	189	221
10P	8	8	247	182	229
10P	8	10	255	176	236
10P	8	12	255	169	244
10P	8	14	255	160	253
2.5RP	8	2	211	199	204
2.5RP	8	4	226	193	209
2.5RP	8	6	241	187	213
2.5RP	8	8	255	180	218
2.5RP	8	10	255	173	223
2.5RP	8	12	255	164	228
2.5RP	8	14	255	155	234
5RP	8	2	213	199	203
5RP	8	4	229	193	203
5RP	8	6	246	186	205
5RP	8	8	255	178	206
5RP	8	10	255	171	208
5RP	8	12	255	160	210
7.5RP	8	2	214	198	201
7.5RP	8	4	232	192	199
7.5RP	8	6	249	185	198
7.5RP	8	8	255	177	198
7.5RP	8	10	255	169	197
7.5RP	8	12	255	159	197
10RP	9	2	242	226	227
10RP	9	4	255	219	222
10RP	9	6	255	211	217
2.5R	9	2	242	226	226
2.5R	9	4	255	218	218
2.5R	9	6	255	211	210
5R	9	2	244	226	223
5R	9	4	255	218	213
5R	9	6	255	211	203
7.5R	9	2	245	225	221
7.5R	9	4	255	218	207
7.5R	9	6	255	211	194
10R	9	2	245	225	219
10R	9	4	255	218	201
10R	9	6	255	212	185
2.5YR	9	2	247	225	215
2.5YR	9	4	255	219	194
2.5YR	9	6	255	214	175
5YR	9	2	247	226	210
5YR	9	4	255	221	187
5YR	9	6	255	217	167
7.5YR	9	2	246	226	206
7.5YR	9	4	255	223	182
7.5YR	9	6	255	220	159
7.5YR	9	8	255	217	136
10YR	9	2	244	227	202
10YR	9	4	255	225	176
10YR	9	6	255	223	152
10YR	9	8	255	221	126
2.5Y	9	2	241	229	199
2.5Y	9	4	251	228	172
2.5Y	9	6	255	226	146
2.5Y	9	8	255	225	119
2.5Y	9	10	255	224	90
2.5Y	9	12	255	222	52
5Y	9	2	238	230	197
5Y	9	4	245	230	169
5Y	9	6	251	230	141
5Y	9	8	255	230	112
5Y	9	10	255	229	80
5Y	9	12	255	229	29
7.5Y	9	2	236	231	196
7.5Y	9	4	240	232	168
7.5Y	9	6	244	232	140
7.5Y	9	8	248	232	109
7.5Y	9	10	251	233	76
7.5Y	9	12	254	233	12
10Y	9	2	233	231	196
10Y	9	4	236	233	168
10Y	9	6	238	234	140
10Y	9	8	240	235	108
10Y	9	10	242	236	74
2.5GY	9	2	230	232	197
2.5GY	9	4	230	235	169
2.5GY	9	6	229	237	142
2.5GY	9	8	228	238	111
2.5GY	9	10	227	240	78
2.5GY	9	12	226	241	13
5GY	9	2	227	233	198
5GY	9	4	224	236	172
5GY	9	6	220	239	146
5GY	9	8	216	242	118
5GY	9	10	212	244	87
5GY	9	12	208	246	41
7.5GY	9	2	219	235	203
7.5GY	9	4	210	239	182
7.5GY	9	6	201	243	159
7.5GY	9	8	192	246	136
7.5GY	9	10	182	250	111
7.5GY	9	12	172	252	83
7.5GY	9	14	161	255	44
10GY	9	2	213	236	209
10GY	9	4	200	241	191
10GY	9	6	183	246	172
10GY	9	8	169	250	156
10GY	9	10	152	254	137
10GY	9	12	134	255	120
10GY	9	14	111	255	99
10GY	9	16	80	255	75
10GY	9	18	16	255	41
2.5G	9	2	208	237	214
2.5G	9	4	190	242	202
2.5G	9	6	167	248	188
2.5G	9	8	145	252	177
2.5G	9	10	118	255	166
2.5G	9	12	84	255	155
5G	9	2	206	237	218
5G	9	4	184	243	210
5G	9	6	156	249	202
5G	9	8	126	254	195
5G	9	10	89	255	189
7.5G	9	2	204	237	222
7.5G	9	4	180	243	216
7.5G	9	6	150	249	210
7.5G	9	8	117	254	205
7.5G	9	10	72	255	201
10G	9	2	203	237	224
10G	9	4	178	243	221
10G	9	6	146	249	217
10G	9	8	108	254	214
10G	9	10	51	255	212
2.5BG	9	2	203	237	227
2.5BG	9	4	176	243	225
2.5BG	9	6	142	249	224
2.5BG	9	8	100	254	223
2.5BG	9	10	15	255	223
5BG	9	2	203	237	229
5BG	9	4	174	243	230
5BG	9	6	139	249	232
5BG	9	8	90	254	233
7.5BG	9	2	203	236	233
7.5BG	9	4	174	242	237
7.5BG	9	6	136	248	241
7.5BG	9	8	79	253	246
10BG	9	2	205	236	235
10BG	9	4	174	242	242
10BG	9	6	135	247	249
2.5B	9	2	207	235	237
2.5B	9	4	176	241	248
5B	9	2	210	234	239
5B	9	4	180	239	253
7.5B	9	2	214	233	239
7.5B	9	4	186	238	255
10B	9	2	216	232	240
10B	9	4	192	236	255
2.5PB	9	2	220	231	240
5PB	9	2	223	230	240
7.5PB	9	2	226	229	240
10PB	9	2	229	228	239
10PB	9	4	227	227	255
2.5P	9	2	231	228	239
2.5P	9	4	233	225	255
5P	9	2	232	228	238
5P	9	4	238	224	253
7.5P	9	2	236	227	235
7.5P	9	4	248	222	246
7.5P	9	6	255	216	255
10P	9	2	237	227	233
10P	9	4	252	221	241
10P	9	6	255	215	249
2.5RP	9	2	239	226	232
2.5RP	9	4	255	220	236
2.5RP	9	6	255	213	241
5RP	9	2	240	226	230
5RP	9	4	255	219	231
5RP	9	6	255	212	232
7.5RP	9	2	241	226	228
7.5RP	9	4	255	219	226
7.5RP	9	6	255	211	225